54 56 57 58 60 60
41 44 45 46 48 50 54
62 64 67 69 72 79
57 58 61 62 63 61 64
81 84 82 84 87 85
15 17 15 16 16
82 85 87 85 87 91
5 6 5 8 10 12 17
69 70 71 73 74 74 76
12 13 16 17 20 21 21 20
25 28 29 30 30 32 32
38 40 41 41 42 43 47
62 65 65 68 73
77 79 83 86 89
22 25 26 30 31 32 33 30
2 3 7 9 11 11
59 62 65 66 70 74
67 68 69 73 80
34 37 38 39 45 47 48 51
77 80 82 85 91 93 90
52 55 61 64 64
50 52 59 61 64 68
70 73 74 81 84 90
77 75 76 77 80 83 85 88
18 17 18 19 20 18
71 69 72 74 74
14 13 14 16 20
62 60 63 65 66 68 71 77
31 28 27 30 31
82 79 78 79 81 78
83 82 79 81 81
38 35 38 41 42 41 45
58 57 59 61 59 61 64 70
64 62 65 66 69 71 71 73
38 35 38 38 40 37
43 41 44 46 49 49 49
13 10 10 12 15 17 21
30 28 30 30 31 33 36 41
90 89 91 95 96
55 52 56 57 54
46 44 48 50 50
61 59 63 65 67 71
66 65 67 70 74 80
26 25 28 35 36
88 87 88 91 96 97 96
81 79 86 89 90 92 95 95
28 25 26 32 34 38
59 56 57 58 59 60 66 73
27 27 30 33 34
4 4 7 9 10 13 16 13
35 35 36 39 40 43 43
62 62 64 66 69 73
70 70 71 73 79
96 96 93 95 96
74 74 72 74 73
31 31 30 31 32 32
2 2 3 6 4 5 7 11
32 32 29 30 35
75 75 75 78 79 80
28 28 30 32 35 35 33
94 94 95 97 97 97
54 54 56 56 58 61 65
39 39 41 44 47 47 52
12 12 16 17 18 21
83 83 86 90 91 92 90
38 38 42 44 46 47 49 49
3 3 5 6 10 14
78 78 82 85 92
13 13 20 22 25 28
54 54 57 60 62 69 67
67 67 69 76 76
1 1 3 8 12
52 52 54 55 57 59 65 70
23 27 28 31 34 37 39 42
37 41 42 45 47 50 53 50
84 88 90 92 93 94 95 95
48 52 53 54 56 59 60 64
58 62 65 67 72
70 74 75 78 79 78 79
41 45 48 50 52 49 52 49
40 44 46 49 46 46
37 41 38 40 42 45 49
66 70 67 68 71 76
52 56 56 58 61
58 62 62 64 66 65
76 80 83 85 85 88 88
53 57 58 58 62
24 28 30 32 35 35 40
44 48 50 54 56
40 44 46 50 51 54 56 53
62 66 68 71 75 75
56 60 63 67 70 73 75 79
14 18 22 25 27 33
71 75 80 83 86 88 91 92
26 30 31 37 34
54 58 65 66 68 71 73 73
24 28 29 36 37 38 39 43
78 82 87 89 95
82 87 88 91 94 95
43 49 51 54 55 53
20 27 28 31 34 36 38 38
48 55 58 61 65
32 37 40 43 45 52
8 13 12 14 17
6 13 15 12 14 17 19 17
59 64 62 63 65 67 67
20 25 22 23 26 29 32 36
63 68 66 69 72 75 77 82
83 88 90 92 94 94 95 97
73 80 80 83 86 84
82 88 90 91 91 94 94
36 41 41 42 44 47 51
64 69 69 72 73 80
62 67 68 70 74 77 78
57 62 64 66 68 69 73 71
68 74 77 79 83 84 85 85
34 41 45 47 48 52
9 16 19 20 22 26 27 34
67 72 73 80 82
41 46 47 53 51
53 59 64 67 67
59 64 65 68 69 71 78 82
50 57 59 66 71
23 20 18 16 14 11 9 11
36 33 31 30 28 26 24 24
93 92 90 89 87 84 80
46 44 41 40 39 37 35 30
66 65 64 63 66 63
88 85 84 82 84 87
78 75 74 76 75 75
58 56 54 51 53 49
76 73 70 67 64 66 60
50 47 46 46 45 42 39
69 68 68 66 64 61 63
85 82 81 81 81
44 41 39 37 37 34 31 27
39 37 35 34 34 31 28 21
29 27 23 20 17
20 18 15 11 12
68 66 62 59 58 55 55
75 74 71 67 66 62
85 82 80 76 69
57 56 51 50 49
61 59 58 52 55
57 54 49 47 44 44
20 17 14 9 6 2
28 26 20 18 17 14 8
75 76 75 73 72 71
14 15 12 11 14
89 90 87 84 81 80 78 78
54 57 54 51 47
62 65 62 60 57 54 53 48
95 97 94 97 94
7 10 8 10 11
18 19 18 21 21
21 24 23 20 22 19 17 13
67 70 69 71 64
68 69 69 67 65 62 59 58
36 38 38 37 38
80 81 80 77 77 75 75
95 97 95 93 92 92 88
67 69 69 66 59
70 72 71 69 66 62 59
34 37 33 30 29 30
65 68 66 62 61 60 59 59
54 56 55 52 48 47 44 40
66 69 67 65 61 58 52
86 87 81 80 78 75
80 82 77 76 79
56 58 57 56 53 52 46 46
33 34 28 26 24 23 20 16
28 30 27 24 23 18 16 9
67 67 64 63 62 59 58
21 21 18 16 13 14
10 10 8 5 5
14 14 13 12 9 6 5 1
17 17 15 14 12 9 6 1
46 46 44 43 40 41 40
42 42 41 42 45
9 9 6 7 7
36 36 35 37 36 35 31
94 94 93 95 90
79 79 77 77 74
87 87 87 85 84 86
54 54 51 50 49 46 46 46
36 36 33 31 31 30 26
15 15 15 13 10 4
49 49 46 42 40 37
14 14 10 7 9
27 27 26 22 19 18 18
97 97 94 90 86
49 49 48 46 44 41 37 32
37 37 36 34 29 28 26 24
15 15 8 5 8
87 87 81 78 78
15 15 8 7 3
69 69 68 62 56
88 84 83 82 80 78
51 47 46 43 45
81 77 76 74 73 71 71
74 70 68 67 63
20 16 15 13 12 9 8 1
81 77 76 77 75 74
8 4 3 4 6
45 41 40 38 35 37 34 34
90 86 84 81 83 80 76
94 90 89 90 88 83
44 40 37 36 36 35 32
27 23 23 21 20 23
37 33 33 30 29 26 26
29 25 23 23 21 18 17 13
85 81 79 76 75 75 69
18 14 10 7 5
43 39 38 37 36 33 29 31
33 29 25 22 22
30 26 25 21 19 15
77 73 69 66 63 62 57
67 63 61 60 59 54 53 52
61 57 52 49 51
93 89 83 80 77 74 72 72
32 28 22 21 17
19 15 8 7 2
81 75 73 71 69 67 65
46 40 38 35 32 30 32
57 51 50 47 45 45
30 23 20 17 14 12 9 5
38 32 29 28 23
72 67 70 67 65
14 7 5 4 7 6 7
49 43 42 44 44
14 9 10 9 8 4
46 40 39 40 39 33
73 68 66 66 64 62 59 56
34 27 27 26 27
81 74 72 69 66 66 63 63
82 77 76 76 75 73 69
62 55 54 51 51 49 48 42
60 54 50 47 44 41
65 59 55 52 51 52
31 24 22 18 18
24 18 14 11 9 5
25 20 16 13 7
19 13 8 5 3
83 78 77 72 74
97 90 85 83 83
87 81 79 72 68
34 29 27 25 20 17 11
9 12 14 17 19 21 19
9 10 11 14 16 19 21 21
26 27 28 31 33 37
70 71 72 73 75 78 81 87
2 3 4 5 3 5 6
18 19 16 19 18
8 10 12 11 13 14 14
57 59 56 58 61 64 65 69
72 75 78 75 82
88 90 90 91 94
29 30 30 31 34 36 39 38
43 46 49 49 51 52 52
28 29 30 30 34
28 31 32 33 33 35 41
21 23 26 29 33 36 38
11 13 15 19 21 20
47 48 50 51 55 55
62 63 67 69 72 76
21 22 23 26 29 33 35 42
22 24 26 31 34 37 38
81 84 91 94 93
57 59 61 68 71 72 74 74
36 39 41 47 51
69 71 74 76 78 84 89
56 54 57 59 61 62 63 64
31 29 31 32 31
67 64 66 67 68 69 72 72
52 50 51 52 53 57
6 4 7 10 12 15 17 22
71 69 70 71 72 70 73 74
29 28 29 27 25
35 34 37 38 35 38 40 40
59 58 61 58 59 61 64 68
73 71 74 77 74 75 77 82
50 48 50 50 53
78 77 78 81 83 83 86 85
31 29 29 30 31 34 36 36
53 51 52 53 56 56 60
38 36 38 38 39 45
71 70 72 73 77 78
82 80 81 85 87 89 86
8 5 9 11 14 14
82 81 83 87 91
73 71 74 78 81 82 87
27 26 31 34 37
72 70 72 74 80 77
45 44 47 52 54 54
37 35 36 37 39 46 48 52
80 78 80 81 87 90 92 97
48 48 49 51 52 54
87 87 88 90 91 92 91
67 67 70 73 75 75
57 57 58 60 63 66 70
54 54 55 56 59 61 66
95 95 97 96 97
81 81 82 85 82 85 83
94 94 93 96 99 99
75 75 77 75 79
89 89 86 89 92 98
43 43 43 45 48
84 84 85 88 88 90 87
3 3 3 6 8 11 11
6 6 6 7 10 12 16
71 71 71 74 80
78 78 82 85 87 88
5 5 6 10 8
78 78 80 84 87 89 91 91
27 27 31 32 33 34 38
55 55 59 61 68
14 14 21 24 25 27 28 31
7 7 9 15 18 17
60 60 67 68 70 70
37 37 44 46 47 51
52 52 55 60 65
63 67 68 70 73 74 76 79
16 20 23 24 23
14 18 21 22 25 27 27
34 38 39 42 46
8 12 14 17 23
32 36 39 42 39 42
74 78 77 78 79 80 81 79
42 46 47 45 47 49 49
42 46 49 51 53 51 55
11 15 17 15 18 23
1 5 7 8 11 12 12 14
72 76 78 78 79 82 84 82
74 78 79 80 83 84 84 84
48 52 52 54 55 57 61
77 81 84 84 90
17 21 24 28 29 31
36 40 44 46 48 51 53 52
75 79 80 82 85 89 92 92
24 28 29 32 36 39 41 45
79 83 85 89 95
48 52 59 62 64 67 69 72
74 78 79 82 87 89 88
59 63 70 73 73
76 80 82 83 88 90 91 95
75 79 80 82 88 94
41 47 50 53 56 58 60 63
1 6 8 10 11 13 16 13
54 60 61 62 64 66 67 67
79 85 88 91 92 95 99
64 70 71 72 78
87 94 91 94 96 98
90 96 94 95 96 98 97
6 13 14 16 13 14 14
3 9 10 11 9 11 13 17
41 48 46 49 51 56
42 48 48 50 51 53 56 58
58 64 67 67 70 73 72
60 67 69 70 70 72 74 74
78 85 87 89 89 91 93 97
36 42 42 45 52
9 14 15 18 22 25 26
44 49 51 53 57 60 59
7 12 14 18 21 22 22
71 77 78 79 82 85 89 93
57 64 65 69 75
47 54 56 61 62
32 38 40 45 44
3 8 15 18 21 21
62 69 70 77 79 83
44 50 51 52 59 65
34 32 31 30 29 27 30
91 89 86 84 81 81
74 72 71 68 64
15 12 11 9 8 3
29 28 27 25 26 25 22 20
38 35 36 34 35
60 59 56 55 54 52 53 53
64 63 66 65 64 63 59
98 97 96 94 96 94 92 87
49 46 45 45 44 43
92 89 88 88 89
25 23 22 19 19 19
67 64 64 61 58 56 52
25 23 23 22 15
88 86 82 79 76 73 71 70
80 78 74 73 75
70 69 67 64 60 57 57
48 46 42 41 38 37 34 30
82 80 77 73 70 67 65 58
26 25 24 17 15
50 48 45 38 36 39
48 46 43 41 36 36
67 64 57 54 50
72 70 65 64 61 56
90 91 88 86 84 83 82
30 32 31 29 26 28
34 37 35 33 31 31
69 70 69 66 64 62 59 55
48 49 46 45 40
34 35 33 31 33 30 29 27
49 51 48 50 52
26 27 30 27 27
31 34 31 30 28 30 26
22 23 25 23 21 14
90 91 89 87 87 86
56 58 56 55 55 54 55
24 26 25 25 23 21 18 18
33 34 33 33 32 31 27
27 28 26 24 23 22 22 16
79 80 77 75 71 70 69
33 35 34 33 30 28 24 27
75 78 74 73 71 70 70
55 57 54 52 48 46 43 39
85 87 83 82 79 76 74 67
93 94 87 84 81
24 27 20 18 20
24 26 25 24 23 21 14 14
75 77 70 68 66 62
23 24 23 21 16 13 11 4
41 41 38 36 34
27 27 24 22 20 22
40 40 37 35 35
74 74 72 70 66
14 14 13 10 4
98 98 96 93 91 89 91 89
83 83 85 83 84
19 19 20 19 18 18
33 33 30 33 29
41 41 39 37 36 34 37 30
23 23 23 20 17
42 42 42 40 42
71 71 70 68 66 66 66
70 70 69 66 66 64 60
38 38 37 34 34 31 24
47 47 44 40 37
51 51 49 45 47
67 67 63 61 59 57 57
68 68 64 62 58
62 62 58 55 54 52 47
15 15 13 12 6 5 4 3
49 49 43 42 40 38 39
89 89 88 82 79 79
82 82 77 74 73 70 66
44 44 41 40 38 36 30 25
43 39 36 34 33
47 43 42 39 37 34 33 34
57 53 50 48 45 44 44
58 54 51 50 48 44
31 27 24 22 20 18 11
30 26 27 26 23
14 10 12 9 8 11
59 55 58 57 55 52 49 49
77 73 72 71 72 68
72 68 69 68 61
81 77 77 75 72
99 95 92 89 86 83 83 85
96 92 89 89 87 87
88 84 82 79 79 78 74
30 26 26 24 21 14
18 14 10 7 4
39 35 32 30 26 25 26
67 63 59 57 55 55
59 55 51 48 44
43 39 35 33 28
33 29 28 21 20 17 16
49 45 44 42 35 32 30 33
33 29 24 22 22
76 72 66 64 60
51 47 46 45 44 38 33
27 22 19 18 16 15
49 43 41 39 38 36 34 37
63 57 54 51 48 46 43 43
93 87 85 83 81 78 75 71
42 37 35 34 31 24
52 45 42 39 40 39 37
85 78 77 74 73 74 75
32 27 28 26 23 23
73 67 68 65 61
28 23 22 19 20 18 17 10
42 35 33 31 31 29 27 25
57 52 51 51 50 51
64 59 59 56 55 55
27 20 20 19 15
78 73 71 71 68 61
75 69 65 63 61 58 55
39 32 28 26 28
35 30 26 25 25
53 47 43 42 39 37 35 31
70 64 62 58 52
38 32 27 26 23 20
57 50 48 43 46
94 88 86 79 79
95 89 88 82 78
94 87 80 78 73
17 20 22 23 22
67 69 70 73 73
52 53 56 59 62 66
18 20 21 22 25 28 30 35
7 8 11 9 12 14
73 75 74 75 78 79 77
71 73 75 73 76 78 81 81
8 11 12 9 12 13 15 19
15 18 21 18 21 28
34 36 36 39 41
21 22 23 23 24 26 25
45 46 48 49 52 52 52
27 30 31 31 33 35 36 40
80 83 85 87 88 90 90 95
40 41 43 45 49 50 52
74 77 80 81 84 88 90 89
16 17 20 21 22 26 29 29
4 5 6 10 13 17
11 12 16 19 20 25
46 48 49 50 57 59 62
58 59 64 66 65
61 64 65 66 67 73 73
46 49 52 54 60 63 67
40 42 47 49 55
58 57 60 61 62 64 65 66
41 39 42 45 42
84 83 86 89 92 94 94
80 78 81 82 85 87 91
21 20 23 26 33
15 14 17 16 18
86 83 80 82 79
38 37 40 39 39
51 50 47 48 51 55
53 51 53 56 58 61 59 64
87 84 87 87 90 91
97 96 96 97 95
80 79 82 84 84 85 85
19 17 19 22 25 28 28 32
10 7 7 10 17
3 2 3 7 9 10
15 13 15 18 20 22 26 25
85 84 85 87 91 94 95 95
81 80 82 86 88 89 93
68 67 71 74 80
29 28 30 33 35 41 42
13 12 18 19 17
68 65 67 69 76 79 82 82
66 63 64 67 70 75 79
85 83 85 92 94 99
15 15 17 18 20 22 24
7 7 10 13 16 15
26 26 29 32 35 35
42 42 43 46 50
44 44 46 48 50 51 54 59
33 33 34 36 37 38 37 39
38 38 37 40 42 39
78 78 75 77 77
28 28 25 26 28 32
42 42 43 40 41 44 46 52
70 70 72 75 76 76 77
36 36 38 38 41 38
4 4 5 8 9 9 9
69 69 69 71 75
7 7 7 8 9 14
84 84 88 89 90
43 43 45 46 50 48
87 87 89 93 96 99 99
62 62 65 69 71 75
77 77 78 81 85 92
62 62 69 70 73 76
81 81 83 86 88 94 96 95
56 56 57 62 65 66 66
13 13 15 20 23 27
27 27 33 34 40
3 7 8 11 14 15
5 9 11 13 16 15
44 48 50 52 54 57 57
25 29 31 34 35 38 42
29 33 34 35 37 40 41 47
71 75 78 79 81 80 83
15 19 22 19 21 19
21 25 27 25 27 27
18 22 23 22 26
65 69 66 68 73
41 45 45 46 47
67 71 74 74 75 76 77 75
44 48 48 50 51 51
48 52 55 58 58 60 63 67
86 90 90 92 98
27 31 34 38 41
21 25 29 31 28
7 11 13 17 19 19
41 45 48 52 55 57 61
25 29 33 36 39 46
37 41 42 48 50
29 33 40 42 41
27 31 37 39 40 40
70 74 76 79 85 86 90
67 71 74 75 82 89
45 50 51 53 56 57 59 61
2 7 10 12 13 15 16 13
37 43 44 46 46
70 76 77 78 82
48 55 57 60 66
51 56 59 62 65 62 64
81 86 83 86 89 90 91 89
14 20 18 21 21
57 64 67 68 70 73 71 75
9 14 15 13 16 23
59 64 66 68 68 70 72 75
69 74 77 77 80 79
49 54 56 59 62 62 62
51 56 58 58 59 63
26 33 36 38 38 39 40 46
11 17 21 22 25 26 28 30
48 53 55 58 61 65 67 66
29 35 39 40 40
58 64 66 70 72 73 77
17 22 26 29 36
50 56 59 60 63 68 71 72
16 23 29 32 34 37 35
1 8 14 17 19 19
81 87 88 95 99
67 73 74 75 80 81 82 89
31 29 27 26 23 20 19 21
62 60 58 56 55 53 53
89 87 85 83 79
44 42 39 36 33 32 26
10 8 5 3 6 4 2
56 54 55 54 53 50 49 51
60 57 55 58 57 57
32 31 29 27 28 27 25 21
57 56 53 50 48 49 46 40
29 27 25 25 24
19 17 16 16 19
64 62 60 60 58 56 56
73 70 68 68 65 64 60
81 78 78 77 75 69
68 67 66 62 59 58
39 36 34 30 31
28 26 24 21 18 17 13 13
26 23 21 20 19 18 14 10
40 39 38 37 33 31 26
36 33 31 24 23
91 88 87 84 83 78 79
27 25 24 21 20 13 11 11
96 93 92 87 86 82
79 77 75 70 68 67 61
11 14 12 10 8
11 13 11 8 6 5 8
82 85 82 81 81
70 73 71 69 65
76 77 76 73 68
29 30 28 26 29 28
94 97 98 95 96
46 48 45 42 40 43 40 40
77 78 80 78 76 72
21 22 19 16 19 12
96 97 94 91 91 90 87 86
21 24 22 22 25
97 98 95 95 93 92 92
93 95 92 90 88 86 86 82
21 22 22 19 14
32 33 30 26 24
56 57 53 51 50 47 49
42 45 42 39 35 34 34
49 52 50 46 42
37 39 35 33 30 24
85 87 81 78 75
29 32 30 29 23 24
66 68 65 64 61 55 55
87 89 87 81 78 74
42 45 40 37 35 30
68 68 67 64 62 60
21 21 18 15 13 10 13
45 45 44 41 39 37 37
94 94 92 91 88 84
60 60 58 57 54 52 45
31 31 33 31 28 26 25
20 20 18 20 23
36 36 37 35 35
35 35 36 35 34 33 30 26
68 68 65 66 64 63 56
53 53 51 49 48 48 47
52 52 52 50 47 50
11 11 8 8 6 5 5
35 35 35 32 29 26 22
12 12 12 10 9 8 1
35 35 31 28 27 24
69 69 65 63 62 59 60
89 89 87 83 83
80 80 78 74 73 70 67 63
56 56 52 50 49 42
52 52 47 45 43
84 84 78 75 72 70 67 70
83 83 77 76 76
92 92 87 86 85 83 80 76
50 50 49 44 42 40 37 31
56 52 51 49 48 46
24 20 18 16 15 18
86 82 79 76 75 72 70 70
80 76 75 73 69
77 73 72 70 65
85 81 78 79 76
84 80 79 80 79 80
81 77 75 76 76
43 39 41 40 39 35
83 79 77 79 76 69
29 25 23 20 19 16 16 14
34 30 28 26 26 28
41 37 36 35 35 34 31 31
71 67 67 65 63 62 58
50 46 46 43 38
40 36 34 31 29 25 22
77 73 72 68 71
30 26 22 21 18 18
42 38 37 33 29
43 39 38 34 33 31 24
68 64 57 55 53
46 42 40 34 31 28 31
51 47 45 42 40 39 34 34
23 19 16 11 7
24 20 15 14 9
21 14 12 10 9 6 4
97 91 88 86 84 86
53 46 43 41 40 37 37
41 35 32 30 29 28 27 23
70 63 61 59 56 54 52 46
66 60 61 59 56
52 47 46 45 44 42 45 46
57 51 48 47 49 47 44 44
62 57 55 52 54 50
95 90 88 91 90 83
58 52 50 50 47 45
30 25 22 19 16 16 17
36 30 29 29 27 27
76 70 70 68 66 63 59
98 92 90 90 88 83
58 53 51 47 44
27 21 17 14 16
71 65 62 58 55 52 50 50
44 38 36 33 32 31 27 23
63 57 53 52 46
42 36 29 28 27
36 30 28 21 19 16 14 17
49 42 41 34 33 30 27 27
56 50 48 47 40 37 34 30
45 38 36 30 23
92 92 91 88 89 87 89
24 21 18 21 19 17 15 17
9 7 9 10 11 12 12 14
40 43 42 43 45 45
6 13 14 15 17 18 23
86 83 85 82 79 74
87 84 84 82 80 78 72
71 71 78 80 78
65 60 59 60 59 56 52
81 75 76 75 75
57 61 64 62 63 60
64 64 63 63 60 56
19 19 17 16 13 6 3 3
35 41 41 44 45 52
32 36 39 42 44 46 47 48
69 71 69 68 66 63 56 52
78 75 77 80 81 82
62 61 63 66 65 67 71
80 83 83 81 79 79
32 39 41 44 44 47
60 63 66 70 73 71
20 20 21 27 29 31 31
69 62 56 55 54 52 47
72 72 69 66 64 59
87 89 87 85 83 82 79 73
38 39 38 36 32 35
45 45 45 47 48 50 52 57
52 48 46 43 43 42 35
99 94 93 89 87 87
81 82 81 84 85
2 2 3 5 4 8
59 55 52 49 48 50 46
35 33 32 31 30 27
25 26 28 31 32 35 37
41 40 37 36 35 33
64 65 68 69 70
16 18 20 21 24 25 26
48 49 50 51 53
14 13 12 10 7 6 5
52 50 47 44 43 40 37 36
50 51 53 54 55 57
7 10 13 15 17 19 22 25
99 98 97 94 93
55 54 52 50 49 48 47 45
53 56 59 60 63 65 67 68
82 80 77 76 73 70
79 78 75 74 71 70 69 67
89 86 84 81 79
13 14 17 20 22 25 28 31
91 88 86 83 80 78 75 74
99 98 95 93 91 89
56 53 52 49 46
52 53 55 56 57 58 60 62
38 39 42 43 45 46
79 82 83 86 88 90
74 75 78 81 83 84 86 87
92 90 87 85 82 81 78
55 52 50 48 45 43
79 82 84 87 88
67 65 64 62 59 57
86 88 89 90 92 95
32 31 28 25 22
49 51 52 53 54 56 59
19 20 22 24 27 30
65 62 60 57 54 53 50
43 41 40 39 36 35
15 18 20 21 24
99 96 94 92 89
42 45 46 48 50 52 55 57
97 95 93 90 88
44 45 46 49 50 51 53 54
87 85 82 79 78 75 73 70
92 90 89 87 86 85
32 33 35 37 38 39
47 49 52 54 56 57 59
90 88 85 82 79
78 75 74 72 71 70 69 67
71 69 68 67 64 63
71 70 68 67 65 63
52 54 56 57 58 61
40 37 35 32 29 28 26 25
41 43 44 45 46 47 49
65 64 62 60 57 54
34 31 30 28 26 25
48 45 44 41 39 36 35
56 59 61 63 64 66 69 70
56 53 51 48 47
33 36 39 40 42 43 45 46
56 55 54 52 50 47
58 61 63 65 68 69
75 77 78 79 80
17 18 21 24 26
28 31 34 35 36 39 41 43
58 56 53 52 50 48 46 43
35 32 30 27 25
34 36 37 39 40 43
22 20 17 16 15 12
10 13 15 17 20 22
95 94 93 90 88 86 84
52 49 47 46 45 42 40 37
13 14 17 20 22 24
34 33 32 30 27
15 13 10 9 6 3 2 1
5 7 8 11 13 14
31 29 26 24 22 21 18 17
40 43 45 48 51
25 24 23 21 20 19 17 16
65 68 70 72 73 76
56 58 59 61 64
12 13 14 17 20 21 23
76 74 72 70 67
22 23 26 27 28 30 32
63 60 57 55 54
37 40 43 45 48 49 52
89 91 94 96 97 98 99
70 73 74 77 80 83 85
41 38 36 35 33 30
55 57 59 62 65 66 69 70
32 31 29 27 26 23 20
54 51 49 48 46 45 42
24 21 20 18 17 15 13
74 75 76 78 79
7 10 11 14 16
62 60 57 54 53
32 35 36 39 42 43 44 47
53 50 47 46 44 42 40 39
69 68 65 64 63
70 68 66 63 62
31 32 35 36 38 40 42
23 21 20 19 16 15 13 11
96 94 91 90 89 87
24 23 21 20 18 16 13
62 59 58 55 53
38 39 40 43 45 46 47
51 48 45 44 43 42 40
71 72 74 75 78 80
32 29 28 25 23 20 19 17
71 69 66 63 60
45 43 40 37 36 34 32
22 24 25 26 28
87 89 90 91 93 94 95
39 36 34 31 28 26
86 83 80 78 77 74 72 70
1 3 5 6 7
66 63 61 59 56
20 19 16 14 11 9 6 5
72 70 69 66 64 63 62
61 63 64 66 68
32 31 29 27 25 24 21
74 73 71 68 67 65
29 28 26 23 20 18
20 17 16 14 11
81 80 78 76 75 72
53 55 58 60 62 65 67
20 18 15 13 12 9 7
27 30 33 35 38
38 41 44 47 48 49 52 54
62 65 66 68 70 73 74
8 11 13 15 18 20 21
50 47 44 43 42
84 83 82 80 77 74 72 71
70 67 65 62 59
27 25 23 22 21 20 17 15
3 4 5 6 9
47 50 52 55 56 58 60 63
91 90 88 86 84
8 10 11 13 14
86 87 90 92 94 96 98 99
44 42 40 37 34 31 29
19 18 17 14 13 12
23 25 28 31 34 35 37 40
45 46 49 50 52 53
84 87 90 92 94
1 3 4 6 9
21 19 17 16 14 11
68 66 64 62 61
61 64 65 67 69 72 75 77
67 65 62 61 60
67 66 63 60 58 56 54
83 84 86 88 90
15 17 18 20 21 22 23
61 63 64 65 68 69 70 71
85 86 88 89 91 93 96
92 95 96 97 99
13 16 18 19 20 22 24
84 85 88 91 92 94 97
9 11 13 16 18 20 22 23
65 67 69 70 72 75
67 66 65 64 63 60
79 77 74 73 72 71 70
23 21 20 19 16 15 12
70 68 66 65 62
75 77 79 80 81 82 84 87
88 87 86 84 81 79 77 74
7 10 11 13 14
57 60 61 63 66 69 71 74
58 55 54 51 50 47 44 43
82 81 78 76 73 72 69 67
36 34 33 32 29
80 82 83 86 89 90 92
73 76 78 80 83 85 88
97 94 91 89 88 86
14 17 20 23 26 29 31 32
81 80 78 76 73 71 70 69
53 52 51 50 47 46
41 44 47 50 51
18 15 13 12 9 7 5
31 34 36 37 38
94 91 88 86 84 82 80 79
19 22 25 28 31 34
15 18 20 22 23 25 26
27 24 21 19 16 14
51 49 47 44 41 39
70 68 65 64 61 60
82 81 78 77 76 73 72 71
36 37 39 42 44 45 47
30 32 33 35 37 40 43 46
76 74 71 69 66 65
52 51 50 48 46 43 41
93 92 90 89 86
64 63 61 59 56
30 31 33 36 38
20 17 14 13 11 8 5 4
27 26 24 22 21 18
31 30 29 28 26 25 22
35 38 39 40 42
41 42 45 48 50 53
88 91 92 94 97
66 68 69 72 74 75 76 79
24 26 27 30 31
65 62 60 58 56 53 52
61 63 66 69 71
75 72 71 69 66
39 41 43 46 47 50 51
99 98 96 95 92 89
75 72 71 69 68
98 95 93 92 91 90 87
48 45 44 41 40 37
37 35 34 31 30 29 26
58 59 61 63 66
45 47 48 49 51 54
40 42 45 48 49 52
63 65 68 70 71 72 74
52 50 49 47 46
30 31 33 34 36 39 40
53 50 47 44 43 42 41 39
21 18 17 15 14 12 10 9
57 60 62 63 64 66
36 39 41 44 45 46 47 49
74 77 80 81 84 87 90
83 84 87 88 89 91 92 94
73 71 68 67 66 64 61 60
18 20 23 24 26 28 31
89 87 85 82 81 80 77
95 93 91 88 87 85
48 49 52 55 57 58 60 62
