5.26 0.04 9.68 2.23 9.70 7.62 0.94 1.10 4.70 5.70 
0.86 4.50 6.45 5.48 0.28 3.90 1.22 6.63 0.24 8.99 
8.58 2.36 5.50 4.08 2.73 3.88 7.05 8.12 8.27 2.43 
1.00 2.78 6.36 8.18 8.65 7.37 5.78 5.53 6.36 0.49 
4.06 6.53 7.32 2.62 7.24 0.04 5.70 8.36 9.00 4.81 
7.71 6.27 4.72 3.63 9.87 0.77 8.01 6.09 2.75 7.53 
9.07 2.33 5.32 0.93 0.34 7.62 4.17 7.88 7.82 3.10 
4.64 2.15 6.96 9.34 2.24 4.00 3.34 9.76 3.20 2.68 
3.78 6.80 3.33 7.70 6.74 3.98 2.23 9.60 6.42 1.23 
7.46 0.85 6.73 6.09 5.87 6.73 1.90 6.96 1.34 2.60 
2.15 1.74 9.87 3.25 7.14 7.50 6.44 8.75 3.95 5.72 
5.33 4.81 0.64 0.17 4.82 9.72 2.79 7.85 2.80 8.42 
5.87 1.70 8.14 2.13 5.12 9.97 8.06 6.62 1.78 4.47 
5.21 2.18 8.80 9.89 0.03 4.20 8.09 7.25 9.05 5.28 
6.16 2.48 9.99 2.86 4.46 0.57 6.08 9.59 1.38 8.14 
7.34 9.70 0.48 9.23 5.79 4.80 6.99 1.60 1.21 5.63 
0.39 4.05 9.56 9.75 9.85 5.94 0.40 3.56 2.47 6.29 
2.04 3.85 9.62 9.21 6.71 9.10 6.50 8.07 4.98 9.44 
4.01 9.02 9.61 0.06 9.05 8.54 3.38 4.91 9.15 7.27 
4.58 3.11 4.55 0.47 0.01 2.81 1.48 2.73 6.71 1.52 
2.46 1.00 3.91 0.50 4.72 2.94 0.20 1.04 5.30 4.89 
2.31 0.76 1.34 5.77 0.25 7.87 7.70 8.09 9.14 0.77 
7.69 4.54 5.74 9.39 1.10 8.68 6.47 4.42 2.99 7.71 
7.32 1.14 2.35 0.22 1.13 2.84 9.16 6.79 8.97 9.91 
1.93 0.12 4.04 4.61 0.05 5.67 1.35 7.51 1.37 2.86 
9.96 0.83 9.94 7.21 2.57 0.76 2.79 0.18 1.70 9.38 
6.15 9.50 8.72 4.78 1.56 5.03 9.42 5.76 2.74 4.81 
2.58 3.51 8.07 6.60 7.24 0.59 9.95 4.80 8.61 2.84 
8.86 4.95 8.91 7.15 6.92 6.20 3.31 0.19 1.66 5.25 
5.29 8.25 9.31 1.19 4.42 2.73 6.51 1.96 7.05 1.21 
2.90 9.53 0.97 2.83 8.38 6.82 7.62 1.26 5.30 1.58 
